0 0 15 0 17 23 0 0 0 13 0 0 0 0 0 0 0 0 0 0 0 0 5 0 0
0 9 0 0 11 0 0 0 0 0 0 0 0 0 0 0 0 10 0 0 0 0 0 0 0
0 0 0 0 0 0 0 0 0 0 0 0 0 0 0 23 0 0 0 0 0 0 0 0 0
12 0 0 0 0 0 0 0 14 0 0 0 21 0 11 0 22 0 0 17 0 16 0 0 0
0 0 0 0 0 0 0 18 0 0 0 0 0 14 0 0 0 0 0 0 0 0 0 0 0
0 0 0 0 0 13 0 0 0 0 0 0 0 0 0 0 0 0 0 0 2 9 0 5 11
0 0 0 0 0 0 0 0 15 0 0 23 0 19 0 0 0 0 0 0 0 0 0 0 0
0 0 0 0 0 0 0 0 0 0 0 0 22 0 0 0 23 16 19 24 0 0 0 0 0
0 12 0 18 10 0 0 0 0 0 0 0 0 0 0 0 0 22 0 0 0 0 0 0 0
0 0 0 0 0 0 0 0 18 10 0 0 0 0 0 0 2 0 21 0 0 0 22 0 0
0 0 0 0 0 0 0 0 16 19 0 0 0 0 0 0 0 0 0 0 0 0 0 0 5
0 0 0 0 0 0 0 0 0 0 0 13 0 0 19 0 0 0 0 0 0 0 0 0 0
0 0 0 0 0 0 0 0 0 0 0 0 0 0 0 0 0 0 0 0 0 0 0 0 0
0 0 0 0 0 0 0 0 0 0 0 0 0 9 0 0 0 0 0 0 0 0 0 0 0
19 0 0 0 16 0 0 0 0 0 0 0 0 0 0 0 0 0 0 0 7 0 0 22 0
0 0 0 0 0 0 24 0 0 16 0 1 0 0 0 0 0 3 4 0 0 0 0 0 0
0 0 0 0 0 0 7 0 0 22 0 24 0 0 16 10 0 0 0 0 0 6 0 0 8
8 0 0 0 0 0 0 0 2 0 0 0 0 0 22 0 0 13 0 0 0 0 0 0 0
0 0 1 0 0 0 14 0 0 0 0 0 0 0 0 0 7 17 0 0 0 0 13 0 0
16 0 0 0 0 0 0 0 0 0 0 0 0 0 0 21 0 0 0 0 0 0 0 0 22
0 0 0 0 20 0 0 0 0 0 0 0 0 0 0 0 0 0 0 0 21 0 0 0 9
9 0 0 0 0 0 0 0 0 0 0 0 24 0 23 18 0 1 0 0 0 0 0 3 0
0 0 14 0 0 0 0 5 0 0 0 0 7 17 0 0 19 0 0 0 0 0 0 0 0
0 18 0 0 12 0 0 0 0 0 0 0 0 0 0 22 15 0 0 0 0 0 0 0 23
0 0 0 24 0 0 0 0 0 0 4 0 0 0 0 0 0 5 0 0 0 0 7 17 20