0 0 0 24 0 23 7 0 0 0 21 8 0 0 0 0 0 9 0 0 20 0 14 0 0
0 14 18 0 0 0 0 0 0 12 23 0 0 0 0 0 0 4 19 0 0 0 9 0 2
0 0 22 0 5 11 0 0 3 0 0 13 0 24 12 23 0 0 16 0 0 0 0 19 1
0 4 0 1 21 15 9 0 2 5 11 14 0 3 20 0 0 6 24 0 0 7 10 16 25
7 0 0 0 23 0 4 0 0 21 15 0 22 2 5 11 14 18 3 0 17 0 6 0 12
12 17 0 0 24 0 0 0 10 16 1 21 0 0 19 0 5 15 0 0 3 0 0 14 0
20 11 14 18 3 0 17 13 6 0 25 23 7 0 16 1 0 0 0 0 2 5 0 0 22
5 15 9 22 2 0 11 0 18 3 12 0 13 6 0 0 0 0 10 16 0 0 0 4 0
21 0 4 0 1 5 15 0 22 2 0 0 0 18 3 0 0 13 6 0 25 23 0 10 0
23 0 10 0 0 21 0 4 19 1 5 0 0 0 2 0 0 14 0 0 12 17 13 6 24
24 0 0 13 6 16 0 23 7 10 19 1 21 8 4 0 2 5 15 9 0 0 20 0 14
0 20 0 0 18 0 12 0 0 6 16 0 23 7 10 19 1 0 0 4 22 2 5 0 0
0 5 15 0 0 3 20 11 14 0 24 12 17 0 6 0 0 0 7 10 19 1 21 0 0
1 21 8 0 0 0 5 0 0 0 3 20 11 14 18 0 12 17 13 6 0 0 0 7 10
25 0 7 10 16 0 21 0 4 19 0 0 0 9 22 0 0 11 14 0 0 12 17 13 0
6 0 0 17 13 0 0 0 0 0 4 19 1 21 0 9 0 0 0 15 0 0 0 0 11
18 0 20 0 0 0 24 12 17 13 10 16 25 0 0 4 19 0 21 8 9 22 2 5 15
0 0 5 0 9 18 3 20 0 14 0 0 0 0 13 10 16 25 0 7 4 0 1 0 0
19 1 0 0 0 0 0 5 15 9 0 3 20 0 0 6 24 12 17 13 0 16 25 0 0
16 25 23 7 0 19 1 21 0 4 0 2 5 15 9 0 3 0 11 14 0 0 0 17 13
0 0 24 12 17 7 10 16 25 23 0 4 19 1 21 0 9 0 2 5 11 14 18 3 20
14 18 3 20 11 0 0 0 12 17 7 10 16 0 0 0 4 0 0 21 15 9 22 0 0
0 0 2 5 15 14 18 0 20 0 0 6 24 0 17 0 10 16 0 23 0 0 0 0 0
4 0 0 21 0 9 22 2 0 15 0 0 0 20 11 13 0 0 0 17 7 0 0 0 23
10 0 0 0 7 4 19 0 0 0 9 22 0 5 15 0 18 0 0 11 13 6 0 12 17