15 1 6 0 0 5 0 2 0 16 4 12 10 0 14 8
0 13 0 7 16 0 0 0 0 1 0 0 9 0 0 2
0 0 12 0 0 14 0 0 0 0 9 10 0 0 16 0
14 0 0 0 6 0 0 11 2 0 0 0 0 12 0 0
10 0 0 6 0 0 1 14 0 2 0 0 0 0 0 5
4 0 0 0 0 0 0 0 0 0 0 1 0 7 2 14
0 0 0 1 0 0 13 10 12 0 15 5 4 9 11 0
12 0 5 0 2 0 4 15 0 14 16 8 1 0 0 0
0 0 0 5 4 8 9 0 15 10 0 11 0 16 0 7
0 10 11 15 5 6 0 3 13 8 0 0 14 0 0 0
13 12 9 0 11 0 0 0 0 0 0 0 0 0 0 1
8 0 0 0 0 0 14 0 9 5 0 0 13 0 0 15
0 0 2 0 0 0 0 16 8 0 0 13 0 0 0 9
0 11 0 0 13 1 0 0 0 0 2 0 0 14 0 0
6 0 0 4 0 0 2 0 0 0 0 7 8 0 3 0
9 8 0 12 10 3 6 0 16 0 5 0 0 2 7 13